#benchmark instance
SM-Liiga 2017-2018
#number of teams
15
#number of round robins (RR)
2
#number of rounds
36
#team names
HIFK
HPK
Ilves
Jukurit
JYP
KalPa
KooKoo
Karpat
Lukko
Pelicans
SaiPa
Sport
Tappara
TPS
Assat
#additional games
15 9
14 15
9 14
3 13
12 3
13 12
1 2
8 1
2 8
11 10
7 11
10 7
4 5
5 6
6 4
7 12
#weekdays for rounds (1 = mon, 2 = tue, …) and 1 means a consecutive calendar day, 0 not
08.09.2017
09.09.2017
12.09.2017
14.09.2017
16.09.2017
19.09.2017
21.09.2017
23.09.2017
26.09.2017
28.09.2017
30.09.2017
04.10.2017
05.10.2017
07.10.2017
11.10.2017
13.10.2017
14.10.2017
17.10.2017
20.10.2017
21.10.2017
24.10.2017
27.10.2017
28.10.2017
01.11.2017
03.11.2017
04.11.2017
14.11.2017
17.11.2017
18.11.2017
21.11.2017
24.11.2017
25.11.2017
28.11.2017
01.12.2017
02.12.2017
05.12.2017
#team cannot play at home on a certain day (team-number round-number)
1 12
1 15
1 24
5 12
5 15
5 24
6 12
6 15
6 24
13 12
13 15
13 24
14 12
14 15
14 24
1 3
1 6
1 8
1 16
1 17
1 18
1 19
1 20
2 31
2 32
3 4
3 5
3 11
3 25
3 26
4 31
7 31
7 25
7 26
8 23
9 35
12 5
12 19
11 14
12 31
12 32
13 25
13 26
14 8
14 19
14 20
14 25
14 26
14 28
14 29
15 29
15 34
15 35
#team cannot play away on a certain day (team-number round-number)
1 12
1 15
1 24
5 12
5 15
5 24
6 12
6 15
6 24
13 12
13 15
13 24
14 12
14 15
14 24
1 26
1 29
6 23
12 14
11 4
15 11
15 28
15 32
#game must be preassigned on certain round (team-number team-number round-number)
3 13 1
4 6 1
11 7 1
5 1 1
10 12 1
2 8 1
9 14 1
7 11 2
14 13 2
15 3 2
1 5 2
4 10 2
12 9 2
8 2 2
3 9 36
14 4 36
10 5 36
7 11 36
6 2 36
1 8 36
15 12 36
3 11 3
12 3 4
9 15 5
3 7 9
14 9 11
13 4 14
3 4 15
14 1 17
13 3 19
7 1 20
10 15 21
15 14 22
1 2 22
15 1 23
3 13 28
9 14 29
7 10 29
1 13 32
1 14 34
12 3 14
15 9 32
9 4 3
15 4 4
12 14 25
8 14 26
14 8 7
2 8 8
9 6 7
15 6 8
12 11 9
8 11 10
6 12 10
4 12 11
15 8 12
9 8 13
4 9 16
11 9 17
4 8 19
11 8 20
1 6 21
3 6 22
7 12 22
7 12 23
10 3 25
11 3 26
4 13 25
6 13 26
10 8 31
7 8 32
9 11 31
14 11 32
6 15 34
8 15 35
